LIB1-98408313,4345277,3598590,1854709
LIB2-98397314,27185575,16654002,2244498
LIB3-98406315,4142773,2318019,1106457
LIB4-98412318,3167,699328,879
LIB5-98403313,5239122,4116332,1662312
LIB6-98398316,3622160,2774230,1066910
LIB7-98397315,100152,682640,52280
LIB8-98401312,306871,625376,127443
L3_ACAGTG,15318624,1404075,429348
L3_ACTTGA,16377159,1560276,495298
L3_ATCACG,1529593,483732,127701
L3_CAGATC,18904190,2044937,704703
L3_CGATGT,13566758,2025798,943354
L3_CTTGTA,15200294,2634483,1215459
L3_GATCAG,17759242,2898069,1348037
L3_GCCAAT,18475346,2380840,1030164
L3_GGCTAC,10767726,1187131,464903
L3_TAGCTT,19697972,2806565,1146002
L3_TGACCA,17171969,1684454,548667
L3_TTAGGC,20197225,2375725,881934
L3_unmatc,1755935,5273426,120264
L6_ACAGTG,7228479,2774971,1443455
L6_ACTTGA,3640702,2755604,1479542
L6_ATCACG,3933920,1359559,407431
L6_CAGATC,8435766,4158091,2064195
L6_CGATGT,9156094,4242442,1851935
L6_CTTGTA,7544281,3720639,1696879
L6_GATCAG,6789294,2854964,1528465
L6_GCCAAT,7384493,2089450,1021744
L6_GGCTAC,11208193,4237201,1898238
L6_TAGCTT,12409855,3229559,1537673
L6_TGACCA,14146461,5947708,2641516
L6_TTAGGC,8032173,3306535,1476979
L6_unmatc,527546,2724851,124088
L2_ACAGTG,59825,12246,4317
L2_ACTTGA,15620847,5478882,2450590
L2_ATCACG,9444857,3112251,1344415
L2_CAGATC,25475686,4917839,1979043
L2_CGATGT,19116136,2651337,1014288
L2_CTTGTA,14410262,5074962,2349315
L2_GATCAG,12433098,3920104,1597145
L2_GCCAAT,22857464,5261220,2282938
L2_GGCTAC,15637853,6394370,2872872
L2_TAGCTT,22281709,8862564,3898846
L2_TGACCA,13349500,3294049,1321732
L2_TTAGGC,10122063,1824154,783229
