	L2_ACTTGA	L2_ATCACG	L2_CAGATC	L2_CGATGT	L2_CTTGTA	L2_GATCAG	L2_GCCAAT	L2_GGCTAC	L2_TAGCTT	L2_TGACCA	L2_TTAGGC	L3_ACAGTG	L3_ACTTGA	L3_CAGATC	L3_CGATGT	L3_CTTGTA	L3_GATCAG	L3_GCCAAT	L3_GGCTAC	L3_TAGCTT	L3_TGACCA	L3_TTAGGC	L6_ACAGTG	L6_ACTTGA	L6_ATCACG	L6_CAGATC	L6_CGATGT	L6_CTTGTA	L6_GATCAG	L6_GCCAAT	L6_GGCTAC	L6_TAGCTT	L6_TGACCA	L6_TTAGGC
Adipocytes	241.784748441774	232.753480419301	620.609849732799	330.398906093398	319.184431770792	417.852998051833	481.198209418693	423.990880588761	293.948635574574	458.483578745351	719.409060082976	648.766705201221	243.699284573706	113.072963345443	432.650002279704	340.912347998439	266.39786410889	270.636564602593	496.734726270685	256.020298628493	491.866038384226	644.732321966327	258.852389331025	311.896445467411	233.20858065612	264.288280973557	530.489950463442	470.891472547854	193.430776621969	576.891544259346	385.356637393704	355.28921268655	329.725938966082	565.239743509617
Astrocytes	293.986280287585	119.915906075211	236.44508202966	252.251596074171	142.504699579115	230.222300497469	147.033799392649	227.721527305424	70.9459058912481	133.445126530823	273.197207205642	352.854618335907	183.56163741606	189.388806997959	238.064770588471	361.864520000633	260.330797699395	295.422317420501	390.96167498411	275.920848917481	253.14919995883	241.648925641038	235.035476433814	351.540080527603	212.10031716755	240.442501683517	127.115231901825	65.6880389917145	316.800185272327	328.559300254119	245.904571801175	200.299246477611	216.475463480588	242.721373270971
B-cells	282.309459656803	434.618051012517	658.989939127196	347.86252544604	1214.6373058065	1443.04931363293	372.606500321695	1406.18270747759	2021.23102440432	460.744089342673	749.824502743764	589.300607506443	84.0409606250626	1094.46598441563	418.886546360525	322.920972160248	196.654254258825	668.868691465626	168.715887853333	194.794775162858	135.578381332394	464.39869566315	520.659170597567	591.556693004621	1353.00181709311	299.045725147773	1279.96841690758	1939.04162633018	773.669227293036	646.413287986695	1529.05275647157	1063.09739910873	210.798508383241	470.40536134339
Basophils	545.611124047272	435.280887408714	611.988729058153	535.372137746658	469.241941136292	167.195394983232	401.252229993176	375.462312961433	293.122676774615	568.963728941488	651.127731689227	479.992355990135	619.528403209885	204.551059034392	329.626012019324	570.57538324076	447.298200966595	483.953442055149	420.601713571976	614.195476436293	519.405857673472	566.587667473733	386.194730441369	619.129325140206	379.803843409745	446.471951782818	620.347348840161	349.198591614258	471.73934485144	620.502160551058	268.207538184198	415.994710499648	562.959224636991	366.879176030846
CD4+ T-cells	237.552103533679	666.38659016897	269.65083827634	275.898518446404	562.659634229617	860.251095356626	639.110414211547	508.975264926468	980.609225931046	512.638344567969	155.745419839895	162.681623219761	6.5320274755099	662.642231015325	700.330068791719	428.093930324466	250.973157152332	337.259594235919	500.187330140071	462.907808142872	257.500462002632	246.496717662285	664.453944373668	288.502317356159	399.006718131913	121.474105303374	564.055479841857	853.882691737441	328.116147131587	250.156039445719	876.475750053309	608.199531090612	431.395527460987	598.982347192791
CD4+ Tcm	264.649284773158	428.724957328803	244.079290163674	135.312458320783	463.570763544017	602.497189126656	467.891974039092	396.689234639376	626.643713397575	423.224974612366	99.7062089039987	135.983997017888	24.8600541846378	432.881958499016	497.410772768927	442.643417953264	182.490947169985	281.979947663174	266.756766631551	454.397412223076	181.379768530532	300.62596647239	523.300872672159	249.642768972894	370.965016892289	209.626780255187	431.193291774398	650.148603021939	291.568256372815	247.223802514248	593.283337531573	450.942125423041	391.355673202745	592.440606191563
CD4+ Tem	253.437643910423	369.344730673137	255.408623416995	211.312633277512	191.395798454016	393.205446633249	353.563055886128	263.753994481107	358.701810792248	438.656127076498	216.029954532914	231.028919401722	196.701054279958	339.72954071985	427.02814360518	385.717587252956	318.23235689367	244.075482318218	231.152134636742	368.091983049007	105.034816033509	194.313045812546	482.952908507949	369.465810171347	243.794172624336	217.73044513533	164.608048886257	415.807263406805	298.162633591076	298.677028672504	370.421510933133	340.648777863631	327.29354994684	393.212597579878
CD4+ memory T-cells	200.117323733067	563.556489997759	186.07740505071	216.946036807388	275.345643140712	630.036117454606	578.708248257927	298.188099427045	797.400930188952	473.289612051321	103.392151271905	131.297491347655	126.456349213742	525.230919800829	425.612603858725	354.318910414876	334.206462451794	306.790551931492	473.530861605126	476.029636756415	130.668194813062	171.029900343561	543.929666224804	167.850892361574	223.930954034647	148.849111291635	183.926531400061	689.871012349836	326.620922152684	121.894291123612	567.138546495548	467.154918376377	224.811830160812	474.784337780416
CD4+ naive T-cells	298.420988000589	576.991778581128	354.762945709955	307.776364387989	488.585331558313	861.918746640627	611.710767991806	583.333547047222	936.889515083684	438.030881659519	157.397285655297	210.189274471731	78.586979730908	609.037765521739	686.778082328777	359.753021491205	210.19688442232	240.700282132713	463.73824337281	451.101755862959	298.462073819017	306.277691578021	516.208974007914	260.21443789907	578.279749186383	241.136111380815	492.177636461334	818.339877625763	299.399153451796	376.315317490287	850.680291563004	632.081124947963	486.506860151278	515.759890809691
CD8+ T-cells	314.091520721166	793.70589670177	387.776110309629	408.948142887557	328.113641834118	793.266916685874	883.572149230579	677.556169499525	903.145740357142	505.535963506986	214.118817908597	394.046654488554	31.0708981036515	652.755773938466	704.140933020839	553.237134829665	481.214070464859	458.91218888725	564.205136340282	378.442666041842	324.503204038294	400.471612657791	763.739795037821	302.867395496529	511.74833306639	234.029023905732	277.070964064356	893.96434810923	189.82209468207	418.892441812736	968.285960594307	650.561193987245	526.401681411105	405.896755317465
CD8+ Tcm	216.228936611086	751.674016981374	272.167664183976	235.902844030247	217.675409320452	657.085198457773	763.34532941856	353.519091719849	819.600392833299	431.478202019586	115.056978481553	264.079491770916	116.368724386791	619.23294659816	720.242253790246	627.500226607686	531.768151458121	426.198020783766	608.416307268839	467.284903657208	55.9822391979943	385.431119977981	739.896964712049	272.67862841046	239.218929936844	197.380255645371	216.590580872427	749.104686212996	283.020541289097	367.026530557267	743.115932664733	597.291405468645	448.561614301719	297.175591416595
CD8+ Tem	172.785626417849	791.52732435623	393.554407133307	265.910900100378	8.31118868424429	121.832449791897	763.09481614968	136.753046169702	778.706461020679	345.874915062857	370.961561958426	427.192520731624	427.607869075126	225.71517962127	727.223399871829	625.151623335112	580.707113497755	386.07848663601	506.484628289545	517.855558415511	227.284466331978	419.587227504869	783.524147838111	379.002731496884	97.3614422993084	284.530997331251	54.0590059170189	814.795564384219	346.754246782271	504.985637631961	258.748773063797	289.240013147408	500.263886409372	282.191637166422
CD8+ naive T-cells	257.696734053704	433.729753084765	315.870469257117	282.048359180982	701.433960508192	375.483538834334	419.59761239899	403.606641858108	391.999487373144	230.352668158744	142.582772715352	158.27674606984	79.2970515578143	359.625344128168	292.920003447186	101.163896125517	252.97455762174	251.713484444738	22.2242533490895	321.230867025107	135.82093956823	301.691957389745	521.487393460063	300.549709857444	230.077678616076	230.161926810714	612.077406458003	428.971727860922	159.721144293038	325.706879506074	423.786284536091	284.169747869723	244.466682866262	101.386783987766
CLP	303.121029278721	414.377072758644	162.739321747967	397.956167010656	499.798532020447	357.887051816866	326.720914609051	210.453244770572	524.936040164781	187.55173351877	48.3642449868634	219.748362695692	338.300739667126	363.296975698647	290.760141520444	73.8649312309165	280.173558089645	277.958321343337	325.145479754807	287.738767556062	237.182845395799	122.143392700991	306.285217322052	24.4292232226226	341.631941138911	152.992910497599	273.582619206871	455.881669862716	197.252519148783	203.693265198705	381.93812640374	211.907449467056	97.2187862998571	227.762733404846
CMP	978.223112796225	419.050268395267	658.649377255513	993.385156344953	167.473405116278	484.713262294151	316.441714148533	415.899374254295	177.312687461148	631.404501098218	230.179108027077	132.035858080699	613.56297020837	372.832851824216	285.876587028362	612.461030221233	413.455689995915	168.903362478514	335.681569582682	649.49683607564	1047.10125574259	523.178938898255	436.769590944553	617.268779604542	284.58604865535	901.217068081523	285.500484185816	284.674551052412	260.435838613844	594.911471359106	485.373534279441	436.095894078575	570.730319394823	693.156280467887
Chondrocytes	214.92615212352	311.19267949642	235.280428644239	392.401592915219	215.653175000631	188.226447842102	313.430752229202	187.138525113057	209.100933217624	221.375636798521	146.866168513088	305.354610361175	213.177672461985	146.487051915155	232.011539121298	258.010249555498	242.959425679266	213.572201784866	180.169578459856	315.810612398962	293.690407141611	173.95438149616	193.001058929258	333.964622216896	145.170224782998	291.170997987579	267.841791761199	303.684155586623	243.629971837611	169.28415719712	212.625173569372	193.876470956493	305.355926959346	311.088117013793
Class-switched memory B-cells	275.915682694192	454.207486650152	499.317136010313	289.279087163868	1045.71292700262	1131.80536740915	291.714858605904	1065.9249946066	1576.6089446833	413.536393672215	666.473251593503	537.735612791604	205.47200094168	826.663845825102	272.426051762466	261.99086141407	88.4286312883974	467.254649731049	539.22134379589	427.928495220032	210.51487594635	359.84747421447	395.920342011657	241.664468555589	934.614709298198	348.777750749101	1147.02752901463	1541.95313628486	512.767583620657	409.051100363271	1200.23113086003	1035.76129982986	313.69193382552	396.424681676505
DC	532.492770567826	909.893708307852	147.324713587971	306.451145664787	517.988033616417	876.544073429985	369.275128133656	1041.97997556921	568.868525693505	705.095650087306	1034.04799507031	520.43884182422	856.873351614136	891.882816236148	650.726581462705	797.634502852432	672.549814782718	754.222130611137	953.382768290684	1217.43696227834	513.096951172563	559.753123898234	633.510388560026	773.836782308028	1313.32982311177	705.90577113447	580.839266750398	711.03787671804	912.18386220511	640.40053895133	692.620155203635	146.545449584873	692.050109614922	652.089074468576
Endothelial cells	239.251122208192	265.172041440179	535.198175994748	312.673141013444	328.346918750713	193.513306617828	208.741410166239	276.02605570454	159.246013307097	312.421616914761	470.755097491631	484.929675228709	389.421299908922	221.716904309479	376.870849988929	306.768580217391	430.313427534327	587.537247440931	440.812801186625	603.598211124955	453.895971120422	482.305472769893	88.1593225948606	433.003605677936	317.412981673376	463.991418508934	124.243873820341	80.2323120368315	458.062180742315	496.736039679629	181.905881340345	189.888395952876	163.274943631473	366.621748155183
Eosinophils	1198.69851160162	519.50366593123	1138.02358298377	948.200497843178	438.869115727916	632.0166565987	578.780801287868	1104.37694018397	28.2523444251133	1142.13602661476	573.13880669932	487.313147799467	900.787765539574	646.439862487213	438.93104727117	876.036614284085	890.769313874716	545.355914474234	915.665439773295	1582.83922566792	1170.06783842517	1197.23259583152	581.42507978651	1110.17947116862	1018.58710666829	1088.93693568252	441.428938768132	65.6582382344976	720.642918832716	1154.87199011715	765.964411371487	661.12976670322	1074.28332922333	1140.24498277764
Epithelial cells	714.190215434473	615.591711523581	880.137286296345	598.528063098639	521.278497661585	320.934851364263	620.094877530042	630.01820375179	78.5319766787631	868.382069969455	785.715968658182	852.609573158269	589.995185431429	449.186970065837	562.118516913846	819.752865557262	797.023151721205	748.362711636081	839.058041619362	583.972492103363	747.906061269931	919.722506354854	446.055082457749	701.30578749607	540.011442988118	788.451149015397	571.85212060217	41.4217334482489	475.494816755577	1129.03766974173	405.219216936515	459.104105365485	988.577143330631	632.924233113265
Erythrocytes	1015.9903089247	756.358429692244	1129.98200000627	1012.37919035364	1611.12338740539	168.204685252862	794.320530252945	969.19161103613	1031.71258263775	1036.21384457385	926.838495346061	828.015642372182	885.401535033656	173.666190081155	767.811339975497	1091.95529515841	807.89458010409	689.168604263529	671.913214893644	1488.1545585994	1076.93950922934	1113.72268538701	706.493246150947	1003.058941825	843.462822938053	1070.02143554256	1535.33534376525	1094.08823469969	563.32430645214	1038.02490086816	21.3761449872655	304.253424397129	877.22480253786	875.095722636416
Fibroblasts	250.905008417862	170.115986853582	195.966624182187	259.983757774243	228.783844553021	278.256035859263	239.346802220701	227.018595369955	281.717937642388	237.206192087475	123.136800654708	153.118276487661	259.69167618303	210.935806118079	176.493536828299	131.714978167738	155.951235084618	197.493376971159	129.083479144992	184.540874934034	183.285227855728	175.676372595456	239.640531488543	145.214801969533	218.003072433128	232.363779037184	272.134734246484	224.291170518349	198.031958390288	152.420499116246	269.30065732049	211.204916266025	118.152768328199	195.877162594312
GMP	1074.48072791223	481.249282313714	582.578340518003	903.767202912346	349.429854372208	529.375150648442	570.354598822536	604.167955879885	257.022428303328	655.444131579664	131.140539510976	260.361889102726	606.618511363299	502.341430870261	457.180184638932	646.871511091145	424.767406105722	286.463055270112	282.842381144974	817.092106903875	1076.56092159092	690.108422355682	420.573587436487	389.011131092599	410.568013631021	877.602111161349	318.137055405196	239.278784531626	278.578440551295	532.544133258503	539.327031619858	479.700112412004	371.421804795926	537.861280901838
HSC	534.587950183325	414.658619753218	420.777904872358	578.058507326933	311.292314877731	379.17202785267	314.517990081728	332.169373022959	287.403697388863	288.128266500867	339.24899665463	382.584600403284	509.244368199166	314.340439887144	468.589367080212	346.84594008135	470.060071378507	375.096297770317	166.862313322175	513.946449599222	481.815985760297	574.743165186872	223.695602277441	605.730326540495	590.993913705964	633.253674995279	321.739704193221	352.430557874389	370.500580068261	504.426891151702	362.750581276379	302.933583966421	268.19323905963	480.218799460986
Hepatocytes	265.212243985438	133.80396381822	314.224514297159	274.859001666742	203.083171209779	181.066436272536	163.252410758669	213.448495501648	140.027653345917	335.141879057012	400.400394081942	332.217517535884	260.775438840345	225.364248108187	184.392383964219	368.638567217076	304.936361074193	296.196233862924	420.088693399348	218.349420703424	289.85204794606	333.566331892461	150.037476923647	317.319905377278	229.898377207061	313.983167202849	152.177476489116	26.1706040719259	233.394469294068	317.619025265316	155.805443490764	279.463108368228	294.769314947945	267.182716218651
Keratinocytes	527.205772877909	421.909622667165	610.884451235883	503.58278649995	350.421431266502	348.359457971813	473.736198053634	541.544904191562	19.4346131268145	546.560150199092	615.712759453871	604.948350238058	522.634935227868	534.736487791504	618.468625196754	684.857576018632	617.394228309164	619.59484049408	715.118154344051	535.944429252406	594.636628790044	643.413500037818	388.842674821219	747.926429000596	474.577034766972	637.338665480634	319.208859977418	83.8416422437214	825.588297688416	797.21589216859	478.519823193646	379.022612882236	644.475520861488	653.371867471901
MEP	589.22408344025	193.09349256166	259.334278277889	547.821059126332	449.793274352019	519.391049691118	400.519354693709	448.12331737692	498.94976702691	178.105620900487	114.374230838861	243.418960561704	360.513440173631	374.849502765522	399.240811278598	451.581796191781	312.755685727132	270.187522780684	204.977858528717	214.027170809472	753.917885442439	388.277080564862	338.708516500036	257.605471326986	444.309856640753	509.813256484448	307.28472104684	517.777345571816	230.919685358529	351.117192524408	510.927341927171	502.864005265013	242.359709141239	298.475139828513
MPP	664.198589761648	74.0099584144145	517.888874663884	482.319908239492	414.299914815912	740.780743852649	422.646004345001	563.835650038924	666.717552701859	383.492874045432	612.76808374884	245.894075401881	346.774050181208	420.574967129959	500.05740241558	396.867173395286	138.67309119314	493.671084872915	386.479599539048	378.554115728319	838.025214469887	384.04935443876	380.442227628012	418.775600465451	615.532311977823	463.331381835142	529.36056028758	703.638566032887	481.303565216155	588.49421081701	893.654024221257	463.546574542461	200.442344781572	412.078733901273
MSC	503.40659461795	529.126913630296	593.485365616933	460.237153647449	349.094020383097	623.275912033344	579.371968806081	713.938305708691	684.240550898596	606.616811096666	227.291087787548	295.641496606306	754.298095977377	410.704539621802	194.011984080172	702.581280309409	442.700816700326	578.174929916502	231.927247379617	414.083111116255	398.099068571589	543.113452045204	465.215722392957	478.866020584967	653.332210911838	526.234400498352	488.920376155338	883.133811300042	691.665180290697	590.295965068222	613.280417426274	425.743591114454	368.989406769193	500.182736939196
Macrophages	403.045090879497	126.793470228617	233.825333940148	270.244621886386	113.613303695133	120.836129733788	154.399398036672	273.590251296676	50.5981154943015	267.10874040146	374.428536216574	359.829615632761	426.961953139501	203.149354015691	167.29158949967	198.869629014741	404.097437619835	313.972531005843	205.628324564965	369.437539202187	286.390038113677	302.40042588963	172.491136982592	287.79094812639	283.040904587604	390.486195940894	99.1233606430526	68.4355130695917	328.868167861612	281.132494534306	156.485577381498	220.552408919034	300.60755705946	390.19409188591
Macrophages M1	510.723952347474	177.256736499179	195.947156568605	273.791641939416	167.823677831157	101.710888442088	234.867226697175	323.356375414086	204.287538194042	235.077452487549	389.997362350046	463.471287490204	519.701251288672	315.800790074635	183.869265739027	76.4410922594605	352.994129894178	411.194133917867	322.49158387639	306.919178752667	423.05344412711	274.081252669986	170.97095710438	208.124615662467	257.318167211803	397.670045472165	179.757099519592	84.9131455698978	410.351122171608	226.618094974123	269.812118209488	275.09354847004	179.327675803493	361.438794560828
Macrophages M2	376.237872950483	141.817238457011	245.092293594967	356.085569324096	239.323077198415	228.456396807573	124.586241914453	273.199038993098	136.324325296341	178.785482398966	368.798192452232	312.852568886231	488.991532731457	191.2397210639	179.329643437086	119.687479778819	299.570932009558	214.799779826551	221.613103245283	238.009589000592	363.170938202177	281.230402280847	164.704005773184	127.980512757242	296.408800377455	335.645280194506	196.686446854349	145.827292027815	279.400469938384	173.66154051711	194.754675055781	192.102158721652	344.152127931284	314.369785241215
Mast cells	332.41298238589	60.2061677876222	213.158725019399	326.76232221669	68.0692753422191	308.438215614562	92.5986429095305	314.878511933536	248.808543952753	174.088291262456	188.95005343683	150.828943236881	222.130187395398	207.310023574879	0	86.6483706352693	178.682935459393	212.187032047116	107.452735939191	251.021349668394	257.32482710266	148.548226752329	49.4077943037414	212.614664228374	307.851403823522	274.591354765447	128.635841200109	200.592736003788	188.461019432718	181.745202085901	348.984533741097	194.722513171999	73.8897423793507	193.705258870768
Megakaryocytes	1349.91980966996	867.790481495898	1577.10937097647	1160.91538917689	549.300592742408	926.60862221078	895.622728432278	1194.12352277271	88.7189234207809	936.25608790092	1211.42327923902	1284.64616268957	1268.728996335	953.96251686298	977.268415357514	1090.07084347689	1505.51732858171	1998.31472827108	1256.71460811783	1384.38750268176	1297.59327497997	1482.9935233969	598.915977481045	1250.14232476746	815.28539772081	1258.61867535388	474.096767096671	23.1923018797656	1963.13211804192	1474.58757342631	1084.85395388204	882.748603708976	290.001499617159	1082.96823717258
Melanocytes	402.600422478675	152.853739323079	400.466537426171	529.945243482633	308.532776469862	370.353067186569	321.018950427517	329.387008382515	211.595698448136	372.136807258687	395.637532750878	441.997467030508	509.634510492138	495.715238233698	308.791326958305	388.776575157224	441.478309132029	302.124852255434	246.257985124474	396.668366166898	360.262582769611	323.043917586803	157.027825785703	350.127475467856	304.31689636448	391.380125655674	311.029377574268	80.5274576499948	266.342937563726	469.601383927622	345.689029640229	454.024951452389	378.306740249136	305.889367279555
Memory B-cells	281.118093361434	198.08733891798	573.97347316376	204.553412895361	1076.21538872448	1334.81713965153	378.164121937015	1337.36686695892	1847.29399797345	322.331567408242	729.646924124609	583.904183073921	33.2993310274522	1008.50896039376	409.997003857692	272.392178492215	223.351353079542	553.550103149015	252.013884486567	140.701632359004	131.051870437123	409.972037132432	426.595533853363	423.038543829768	1257.66538064603	261.046928972769	1182.67596529423	1799.96658392093	738.9272337097	642.92045051792	1449.91326273474	1068.28083691069	154.509606695197	514.777595551204
Mesangial cells	421.832386480095	290.750538116776	389.715524756094	405.714801717878	351.370898375834	157.928147872994	334.734910015095	323.230203974089	30.6913742836991	285.26539871381	356.66616674326	352.699943090667	348.749258419911	387.345259705717	449.633425388265	393.967860722285	426.133997857977	372.655077360948	529.812043852927	251.685665308612	381.404881018761	421.889382070022	325.115002187591	496.6149516567	331.524427778016	353.439534379146	446.590482375185	251.478808988903	485.493704429529	520.833341241861	241.521317831884	313.059054366037	387.956653321421	367.874323722722
Monocytes	1013.00398990241	617.14829615916	939.703075383523	913.796733304661	716.132613380745	295.744293817854	645.017433569331	859.131273001237	105.685681007107	805.516749088979	1024.09230486347	1071.26682697625	1121.24168467512	579.056006417857	666.661507939174	816.721761860073	1088.57241874222	1004.23209661153	712.567719308318	965.115662092422	1013.63233473965	974.625728701919	699.650534099989	866.367681409596	690.346080665762	1012.44443025715	795.046768564016	29.7529318040133	898.227053664791	953.14790638772	285.500619759475	581.940159739112	898.740033126611	929.037193358776
Myocytes	470.846043841042	256.594618718656	424.761678931045	433.204735729544	404.231245783285	265.581508597228	379.523402511614	338.181342166847	353.411505015994	405.984345669637	486.714703256058	246.449733725981	410.945780891503	176.563452708474	203.911710353771	229.417301227022	195.962027841313	319.234030552377	363.939159600127	334.067722780377	527.458795633644	402.219420548618	365.692555711318	254.858293958008	307.331372882147	540.472583745553	569.590382348011	361.781416132469	325.445843415391	347.900570800516	198.534614943745	124.438618550455	446.265840923472	353.577060330443
NK cells	379.29027080994	1091.48554816089	957.121213903463	667.434972693021	408.759591499981	57.2293371258772	1014.69409939232	202.713552271161	888.784156920536	724.086602809302	1059.03922666924	754.486502864282	1007.63770654193	271.853110785986	858.675770034493	778.566717457693	925.150418385682	619.139690733713	931.379581816895	836.755239556344	419.30536011206	891.086473005734	1042.89605954397	954.603477141825	267.209954999122	355.384275287497	453.115816685717	948.050682100642	474.351477601567	958.958519894685	60.3615186833283	279.752356980811	675.789726945065	516.605393611223
NKT	575.908740429752	336.880075174698	854.861267201948	374.307260567496	407.443335479669	51.3035251961926	575.895152658494	394.874929606446	14.6900400384826	482.500338075277	615.803299560763	678.756570442992	488.158031288486	261.517582615546	416.153389783837	699.667789036883	956.683377167516	383.232158028424	151.775695217826	514.007404907856	777.093045288041	1051.13821100656	386.405215059518	634.564945962794	570.798906175383	567.101152841176	457.232324155575	139.821744576378	637.023961339002	708.622350345511	82.143935667878	223.439279125896	755.855566403888	619.298882785577
Neurons	114.413795300739	190.005167509496	186.164684887148	185.881304389242	129.378328725285	220.238151292501	120.865833677728	151.344482346847	220.189372598065	129.838133635346	139.848665046102	117.673883073785	88.0426391085792	195.122360907578	125.790446718152	235.476033407074	115.058764451062	175.177673157169	145.491085997673	145.548322615223	92.8860988230402	148.28272777083	117.985998500445	210.76760916722	97.9468780193506	124.565536460635	118.049833457252	122.006936888673	186.970328767468	156.847094190639	158.855554918367	124.851190401488	191.114532188439	75.3588445504389
Neutrophils	2057.37508092509	1957.75350488031	2455.67518238342	1985.67666584238	1656.44082174361	1149.35904804641	1974.60220227738	1809.66035072036	48.2847039244414	2323.45744738555	2302.74218163757	2262.85149575478	1977.09827038664	1671.0373837602	1926.44930970855	2069.12843018252	2170.49020719215	1984.69416105824	1661.45263179475	2145.64384198162	2006.30065249486	2448.24486508146	2000.8955564173	2479.58081888155	1730.33956868648	1971.96809246699	1638.55431807634	103.692026535418	2015.04689957008	2437.22777999341	1100.28230556355	1806.34727814855	2548.70279760963	2216.68364460312
Osteoblast	117.372667260476	227.16102201553	151.109289181414	64.9401147758107	96.0667669562997	165.191965767452	177.556083596809	204.412683973026	273.884367104683	151.664135009203	163.945832066565	200.14510868416	147.358870611094	248.808980432304	204.773281943769	108.321442873004	273.763510493287	206.552210554216	128.282700281083	186.595037616489	211.271983344783	206.169610200008	276.422542814459	116.800697092717	226.012210032188	255.053422252733	181.594372684633	267.784888836873	152.312531411856	137.462508890403	201.559460058163	235.0310244163	157.616548575354	198.542805779992
Pericytes	187.982760316739	180.663014996212	266.106096467373	243.637574368338	256.182612794222	344.506689219754	222.876600571312	370.330556362077	392.650454745892	277.348810954053	379.714681497913	321.84227091816	210.441937253035	234.93934322177	199.834023985134	299.771190717094	311.849776743414	301.992590550753	238.02289931217	227.462235733347	310.054474566378	388.480672550353	278.958471457654	436.598837788429	357.71465761254	283.466508693851	253.256495200142	346.584840724254	443.931009643253	280.824002090903	334.110906646718	175.762240260296	328.351158265923	403.474313572352
Plasma cells	154.008364165605	308.752844980566	366.426912739708	199.024349484652	417.987741429047	759.726390565899	334.796749449009	452.329568142454	698.165059448221	345.578182206299	323.008192080546	202.542431513395	150.713722383065	1106.58298359999	301.447147344478	177.288050634322	202.923307205386	196.762561841744	242.567575554488	75.5882663814294	178.908087683784	228.061579124303	511.736037693276	229.193225443359	540.649811599162	78.4549462602188	426.243492972847	637.076695670387	368.387939071899	346.607853858026	1009.77225115262	1180.61639284914	162.594287006282	265.585494617354
Platelets	718.030182036838	323.35367365224	577.576191114678	668.685998771158	231.946590244034	587.031881194461	367.57957609405	687.187576102097	37.3266752816472	400.678856178824	460.25576691903	591.860986141619	557.866913078731	488.951172707002	322.367183192995	358.850099560925	634.765104693329	957.415177062338	574.870369104927	729.970107729768	629.614436567367	540.161110451523	303.08641893777	529.781732847877	582.099027012734	634.012766673412	199.71265798094	38.7663744335547	892.161788639424	627.931989545153	586.578019275341	486.000274348176	0	428.485880457528
Preadipocytes	290.382137779908	404.338064934754	252.526221195311	275.854715628575	422.628084999915	556.48664265434	406.194078384155	356.993837747585	569.54250624903	335.879658131738	217.384123764619	282.533936675604	220.792005312179	507.875848307142	256.194133215767	441.186922781768	295.674227944876	364.788814197581	495.14870975708	437.486386527549	267.556714583139	211.875834639243	276.375229295013	173.280413925854	265.875318813245	213.371507533211	442.467208417171	514.793782921705	432.656069434966	286.438981278233	501.994824060356	602.733122034085	112.768148563011	322.23802773335
Sebocytes	826.104970318761	619.677933604762	886.188523204718	772.538951466758	380.145525611	433.526024411583	786.093741927329	673.981607548429	68.498672840227	891.251341894614	822.859449471059	835.639571429532	1002.37130220794	813.045968850197	883.089347680428	891.187155986433	929.731640600234	751.46606007695	792.061673909074	876.440627578903	835.813247236285	883.890948538035	552.467964168924	815.649023154136	474.507870734428	911.0095361136	335.841059710412	0	1160.51635067192	901.785021470051	477.992465641182	639.163222720094	833.054611064314	641.485092644591
Skeletal muscle	176.257932223606	370.411661916888	296.825637858513	150.064327273034	151.109904128917	265.567772225635	250.919165667916	256.327203935772	237.190810718119	291.782437070729	372.238980275597	128.46229133956	497.551430129242	448.548862413859	186.853756032107	460.458994815509	194.296029522541	345.32581449554	292.077527537503	197.526117186544	318.123914130444	331.674864355097	393.430700958065	314.491414627253	175.198750674388	276.073786549399	452.506275349009	250.338293490405	306.676694934294	438.041071704392	384.390398201757	141.396557633023	362.329889066991	304.639590553718
Smooth muscle	400.949749831306	398.731653328526	350.482805311104	538.284753582541	369.6543736117	515.075744240364	505.427873970067	479.844488228082	528.452500317678	359.878491955336	347.292491728253	322.897122685895	467.945094604694	503.544627463105	397.127575756325	105.057924551226	488.600534804051	383.125967800719	248.484335374692	479.258442861405	381.826891860697	321.106076383639	399.065350018221	111.355089414029	334.603605945411	433.903955074698	421.969421716518	441.513241471408	398.575951590419	351.565980783342	480.022774103273	549.125950315382	279.70341424389	363.158857386657
Tgd cells	146.209281013371	334.417403306334	139.15431896629	117.188224202154	0	117.65084852898	325.681608039809	78.2503613753726	470.621951136803	213.249654805466	154.899417606126	104.273011694357	267.62867615352	267.66248399317	374.153601451167	216.726985907959	236.018975751359	133.015672955946	279.097303300636	251.627686917006	143.147052986808	110.207247742575	350.40516399321	71.2718334382563	40.6658913213796	88.8779622076433	32.5861140989906	383.374156322896	116.523652220711	116.080956499717	124.14807166305	231.949413877449	116.807896844	98.8376216646074
Th1 cells	400.711161090127	579.593017926913	136.362489539349	307.411956033579	543.00965355703	599.150854154538	611.753247472219	460.779856452609	920.517178307953	423.041823226172	207.660221023392	182.057479579329	425.316805116976	640.80477758835	560.89731989732	660.455688742763	463.277716800479	452.609969092067	558.167374992722	390.58865908368	455.447167962202	213.620722517944	722.649950917814	105.765171605743	346.320359357594	502.969404126692	533.736799935548	834.705712820691	407.497407903091	302.491218785419	786.207443063841	681.141345250027	501.346853244486	316.007350260543
Th2 cells	423.431878061064	739.03234889259	473.846849048725	389.3574884805	360.563563801126	532.77052523993	792.070978809674	461.957133311958	894.145421687376	530.245250035226	373.541907560844	400.426018028185	644.400524444293	796.346523975168	845.824004396512	566.043958608684	620.960771133637	512.399265412254	860.239819775585	662.512525565423	307.378652999445	467.029600805706	577.14310037815	67.317820363125	618.924889818273	533.101816214661	346.664739321362	795.46625950829	393.505119108901	490.682130610825	439.232134405587	682.528243481784	536.441027329862	523.4942241051
Tregs	445.698087952666	650.49611019739	303.347313356652	435.564681216317	563.144790555333	512.616433756224	546.622322799472	380.611156917554	670.726350073664	612.552312047659	200.882060541039	243.197697465436	182.520060379653	660.856132890666	585.577679302566	529.855839359517	381.370800963868	510.187641556477	293.964614254687	805.452192131252	524.537298066504	383.509198866421	596.517298002076	394.324961824016	361.443375355523	352.359912265984	498.805532647089	818.905808124976	212.832859763363	190.834082697724	569.9914850784	447.749714166413	495.188842342246	563.322945317538
aDC	461.550460523804	344.12949021666	259.539734636472	388.531933619263	396.950997930879	420.815825749283	257.849886986274	334.416943780238	568.066400826239	171.173039439436	541.960650156904	458.946972802545	289.993008646784	380.143905542587	166.172135610897	417.848077879978	492.094242745589	461.095709452109	514.444255401256	353.711894347858	467.158294388194	347.566719641505	409.442746232582	549.648650796168	586.747109219137	569.077071874143	462.236841741467	507.803726084884	394.273543076338	441.378496745248	407.118332216973	404.381884590711	246.093615817311	410.057754569758
cDC	827.549857430992	378.180771536308	364.634673414823	654.613887314318	371.024106272252	363.516725947058	418.456133231937	453.614070070107	171.84266463349	324.869683219046	566.721655686486	432.108376504697	683.027180836458	299.125600836925	543.884864324769	352.42304783777	360.427099324414	268.684186913869	815.809532901689	509.863687687744	826.103938272758	368.630097837046	356.864050251335	390.984589795068	406.720449866432	649.563151334235	327.521123119529	92.4144990518059	373.03103039407	305.945106988006	393.313369022979	137.005661774345	133.50125885454	511.787118159962
iDC	262.249733019002	725.056678860865	226.705194756321	237.274050395698	464.896617256648	878.095856873289	145.253369226865	1291.21230428485	451.102635228514	534.355030100546	819.245850027069	495.01752309005	799.070689708575	731.600551326946	334.929231030281	449.058279192666	459.427642922418	577.054282973491	943.327583917468	1057.53484764925	468.104583846666	388.326476872088	603.515835165456	694.603267137247	1276.60294292342	294.970736827447	608.970291913413	764.521127971377	475.561639001926	657.858874753962	921.814521970455	114.027119851325	124.058627841146	452.777745189008
ly Endothelial cells	311.35216947867	371.254506731292	587.729464055576	263.867877985475	270.41726833733	311.837095304987	291.927925359637	379.028858416187	130.589043480085	409.383493102603	349.827931190808	503.659150929613	260.07005274848	216.008897431802	530.303065816709	511.58039558953	520.984447918875	615.407218363909	448.512109035912	598.774387163753	626.362399626225	505.656855214253	240.048431725533	332.342558466528	555.09468810938	481.897119850658	117.473736109144	8.52546628035475	425.887417967097	715.655132843143	379.960258592141	349.340035017418	457.689671182752	517.160418225825
mv Endothelial cells	169.387934148533	163.559003547528	258.6006177366	161.681581140037	163.318259146876	189.135442960473	189.430226572374	224.989836157663	181.103628612814	182.27719316065	142.8287661993	204.993888434921	189.034296297454	104.286531442892	317.365984815608	231.433571398405	252.039333108437	230.897999508323	255.215269964244	259.040714578748	291.200973091923	235.567477656527	188.296400849599	181.525511018267	242.588510928408	226.84377562947	108.729998879311	199.1151801768	190.644638632776	300.705031728175	246.641641796191	177.471773783464	166.3911660749	260.545866864415
naive B-cells	328.740573100681	390.733478844146	793.077433457204	166.424067633651	1217.68913370252	1508.77838402506	396.354011323981	1460.84348570619	2157.63686600621	435.399306623239	811.438059880977	824.117660935437	159.04563337154	962.642366496779	546.390591437944	444.428779944237	307.500227273908	694.138152702517	62.9939808701701	62.5530659477674	41.8659864501869	625.332348667878	554.645781373684	710.030222301781	1419.11678842137	264.327157505994	1388.45091363795	2141.2156658883	950.671898846527	803.662013288934	1620.86190112373	932.596336452834	261.58051154741	491.327710697075
pDC	526.426643412782	783.650964239888	472.726626359807	705.332249778253	373.010891615427	454.093074786648	348.534646359598	394.517398026799	766.041549675103	422.854454370189	521.708676508269	563.941413542016	464.862676522228	245.595706224162	580.488776762218	716.054663487905	576.478634608601	603.459692445903	702.396778540122	618.604640926329	547.737026566783	300.651584709262	406.818774954171	496.59132821258	757.549092912594	446.105339291166	504.405149645828	838.676735830427	727.330458674411	562.358367974431	446.298488247294	260.319147639706	183.926539913217	16.9232449508444
pro B-cells	254.252305356908	286.915162767287	426.916209908206	220.35463881381	556.817830881786	555.93136339253	450.130182807272	659.112598867384	892.818577318134	254.477555652575	417.478924184026	386.425728151211	177.714398095322	530.498353936226	295.381430730106	212.952711910892	241.676432144524	259.428419288912	179.55538229264	233.199530096156	239.188174193127	249.371857007434	404.486222809959	436.78549713725	641.625594709557	347.03004181804	632.127389408983	859.427430873814	432.351625852292	418.063820225907	708.631167516646	506.02879132373	245.3607500805	239.180986889998
